start=5.940000
volume=40.000000
fullscreen=yes
contrast=-1
