start=1284.324000
pause=yes
volume=100.000000
