start=377.111060
volume=55.000000
