start=349.098000
fullscreen=yes
aid=1
sid=1
sub-delay=0.677000
sub-pos=99
sub-scale=0.950000
