start=4.212000
pause=yes
volume=100.000000
